$ANSIBLE_VAULT;1.1;AES256
65333861373862653333643235343162623231333361653365636235663031663032666535383366
3932636438343135316465666633313564613231333833380a366537663062383333366133616333
62623030313335623965323766646434353031366334366664303264663730306439373461656561
6637373234313034300a363164626530653065653133373632306562666336363763373562613464
35306635386262313033313235306538383766306565643963386339353262663463356265653762
30353566613930393334386635316162316236646164633434623861633437626562393331653563
39363462393037386465633935633861643138613366363661633736333231313931623738656561
31376335366330356332363862303237323163613863303037316265393635623462313235393563
33376664663663646630373038633366373831636366376163343161656639336431643937343563
62613139366638343639663537653937383333306637646334623235323330343138613966643461
63643565653131336535666661373462313266393439613035393031656663663831303136373139
65646231643162313064396165313533353632643331626437613261383961383063313137363632
32653433633766633262346437363938626538656534366363393162386430343066643434373230
63666638373933353130633230363966303732356133623037333035343132316364376661666161
36356138353730326233336534383166346137333238303662656639323465383439376662373333
33363031363064393034616537656662346430636161346435386134343432623966323566633233
63396539656436363030626638323732306463666630633539663666376533373837623366373037
64343538373635306438373735666331313964393534386334323737393733666633306230653364
31323333343634646463623362643637356661376538656261323734303639383832663562323764
64366466383238323434353932623335376233613431356163336537653834626630626537376263
32393362366366306464623835376538336334616663383737333536343966383563363936666331
64353034393762396434633938356662396339343865343030376438653230353237353361373465
36653964336564303131386137656239316266643836633964366362393866346365336637656564
34623363326337396139643939353236373533356632623837613032663536633361303333323336
32643865663539663164636161343036643165323663626535326239393635323366393064373533
61626463303931633263306334366162343663363134366434363239343430613835613666613536
38336336386630306335663962303139386664346637656266363737336462663561356330396338
64633865636237356361
